[gd_scene load_steps=7 format=2]

[ext_resource path="res://Recursos/Graficos/Modelos/naytona_pista_prueba2.tscn" type="PackedScene" id=1]

[sub_resource type="PhysicsMaterial" id=1]
rough = true

[sub_resource type="BoxShape" id=2]
extents = Vector3( 41.325, 3.57929, 41.6673 )

[sub_resource type="BoxShape" id=3]
extents = Vector3( 136.942, 17.9323, 7.41227 )

[sub_resource type="CubeMesh" id=4]

[sub_resource type="SpatialMaterial" id=5]
albedo_color = Color( 0.168627, 0.172549, 0.270588, 1 )

[node name="Pista_Nightona5trillion" type="Spatial"]

[node name="naytona_pista_prueba2" parent="." instance=ExtResource( 1 )]
transform = Transform( 2, 0, 0, 0, 0.1, 0, 0, 0, 2, 0, 0, 0 )

[node name="Piso" type="StaticBody" parent="."]
transform = Transform( 20, 0, 0, 0, 1, 0, 0, 0, 20, 0, 0, 0 )
collision_layer = 5
collision_mask = 5
physics_material_override = SubResource( 1 )

[node name="CollisionShape" type="CollisionShape" parent="Piso"]
transform = Transform( 1, 0, 0, 0, 1, 0, 0, 0, 1, 0, -3.31117, 0 )
shape = SubResource( 2 )

[node name="StaticBody" type="StaticBody" parent="."]
transform = Transform( 1, 0, 0, 0, 1, 0, 0, 0, 1, 40.3368, 0, 475.258 )

[node name="CollisionShape" type="CollisionShape" parent="StaticBody"]
shape = SubResource( 3 )

[node name="CSGMesh" type="CSGMesh" parent="StaticBody/CollisionShape"]
transform = Transform( 135, 0, 0, 0, 20, -4.89655e-07, 0, 1.74846e-06, 5.601, 0, 0, 0 )
mesh = SubResource( 4 )
material = SubResource( 5 )

[node name="StaticBody2" type="StaticBody" parent="."]
transform = Transform( 1, 0, 0, 0, 1, 0, 0, 0, 1, -227.793, 0, 475.258 )

[node name="CollisionShape" type="CollisionShape" parent="StaticBody2"]
shape = SubResource( 3 )

[node name="CSGMesh" type="CSGMesh" parent="StaticBody2/CollisionShape"]
transform = Transform( 135, 0, 0, 0, 20, -4.89655e-07, 0, 1.74846e-06, 5.601, 0, 0, 0 )
mesh = SubResource( 4 )
material = SubResource( 5 )

[node name="StaticBody3" type="StaticBody" parent="."]
transform = Transform( 1, 0, 0, 0, 1, 0, 0, 0, 1, 312.329, 0, 475.258 )

[node name="CollisionShape" type="CollisionShape" parent="StaticBody3"]
shape = SubResource( 3 )

[node name="CSGMesh" type="CSGMesh" parent="StaticBody3/CollisionShape"]
transform = Transform( 135, 0, 0, 0, 20, -4.89655e-07, 0, 1.74846e-06, 5.601, 0, 0, 0 )
mesh = SubResource( 4 )
material = SubResource( 5 )

[node name="StaticBody13" type="StaticBody" parent="."]
transform = Transform( 1, 0, 0, 0, 1, 0, 0, 0, 1, 40.3368, 0, 570.71 )

[node name="CollisionShape" type="CollisionShape" parent="StaticBody13"]
shape = SubResource( 3 )

[node name="CSGMesh" type="CSGMesh" parent="StaticBody13/CollisionShape"]
transform = Transform( 135, 0, 0, 0, 20, -4.89655e-07, 0, 1.74846e-06, 5.601, 0, 0, 0 )
mesh = SubResource( 4 )
material = SubResource( 5 )

[node name="StaticBody14" type="StaticBody" parent="."]
transform = Transform( 1, 0, 0, 0, 1, 0, 0, 0, 1, -227.793, 0, 570.71 )

[node name="CollisionShape" type="CollisionShape" parent="StaticBody14"]
shape = SubResource( 3 )

[node name="CSGMesh" type="CSGMesh" parent="StaticBody14/CollisionShape"]
transform = Transform( 135, 0, 0, 0, 20, -4.89655e-07, 0, 1.74846e-06, 5.601, 0, 0, 0 )
mesh = SubResource( 4 )
material = SubResource( 5 )

[node name="StaticBody15" type="StaticBody" parent="."]
transform = Transform( 1, 0, 0, 0, 1, 0, 0, 0, 1, 312.329, 0, 570.71 )

[node name="CollisionShape" type="CollisionShape" parent="StaticBody15"]
shape = SubResource( 3 )

[node name="CSGMesh" type="CSGMesh" parent="StaticBody15/CollisionShape"]
transform = Transform( 135, 0, 0, 0, 20, -4.89655e-07, 0, 1.74846e-06, 5.601, 0, 0, 0 )
mesh = SubResource( 4 )
material = SubResource( 5 )

[node name="StaticBody16" type="StaticBody" parent="."]
transform = Transform( 0.798257, 0, 0.602317, 0, 1, 0, -0.602317, 0, 0.798257, 554.233, 0, 519.033 )

[node name="CollisionShape" type="CollisionShape" parent="StaticBody16"]
shape = SubResource( 3 )

[node name="CSGMesh" type="CSGMesh" parent="StaticBody16/CollisionShape"]
transform = Transform( 135, 0, 0, 0, 20, -4.89655e-07, 0, 1.74846e-06, 5.601, 0, 0, 0 )
mesh = SubResource( 4 )
material = SubResource( 5 )

[node name="StaticBody17" type="StaticBody" parent="."]
transform = Transform( 0.120553, 0, 0.992707, 0, 1, 0, -0.992707, 0, 0.120553, 679.325, 0, 304.751 )

[node name="CollisionShape" type="CollisionShape" parent="StaticBody17"]
shape = SubResource( 3 )

[node name="CSGMesh" type="CSGMesh" parent="StaticBody17/CollisionShape"]
transform = Transform( 135, 0, 0, 0, 20, -4.89655e-07, 0, 1.74846e-06, 5.601, 0, 0, 0 )
mesh = SubResource( 4 )
material = SubResource( 5 )

[node name="StaticBody18" type="StaticBody" parent="."]
transform = Transform( -0.396988, 0, 0.917824, 0, 1, 0, -0.917824, 0, -0.396988, 644.794, -6.10352e-05, 19.0892 )

[node name="CollisionShape" type="CollisionShape" parent="StaticBody18"]
shape = SubResource( 3 )

[node name="CSGMesh" type="CSGMesh" parent="StaticBody18/CollisionShape"]
transform = Transform( 135, 0, 0, 0, 20, -4.89655e-07, 0, 1.74846e-06, 5.601, 0, 0, 0 )
mesh = SubResource( 4 )
material = SubResource( 5 )

[node name="StaticBody19" type="StaticBody" parent="."]
transform = Transform( -0.830324, 0, 0.557281, 0, 1, 0, -0.557281, 0, -0.830324, 473.969, 6.10352e-05, -192.723 )

[node name="CollisionShape" type="CollisionShape" parent="StaticBody19"]
shape = SubResource( 3 )

[node name="CSGMesh" type="CSGMesh" parent="StaticBody19/CollisionShape"]
transform = Transform( 135, 0, 0, 0, 20, -4.89655e-07, 0, 1.74846e-06, 5.601, 0, 0, 0 )
mesh = SubResource( 4 )
material = SubResource( 5 )

[node name="StaticBody20" type="StaticBody" parent="."]
transform = Transform( -0.887582, 0, 0.460649, 0, 1, 0, -0.460649, 0, -0.887582, 234.938, 0, -342.657 )

[node name="CollisionShape" type="CollisionShape" parent="StaticBody20"]
shape = SubResource( 3 )

[node name="CSGMesh" type="CSGMesh" parent="StaticBody20/CollisionShape"]
transform = Transform( 135, 0, 0, 0, 20, -4.89655e-07, 0, 1.74846e-06, 5.601, 0, 0, 0 )
mesh = SubResource( 4 )
material = SubResource( 5 )

[node name="StaticBody21" type="StaticBody" parent="."]
transform = Transform( -0.999617, 0, -0.0276774, 0, 1, 0, 0.0276774, 0, -0.999617, 47.4339, 6.10352e-05, -393.124 )

[node name="CollisionShape" type="CollisionShape" parent="StaticBody21"]
shape = SubResource( 3 )

[node name="CSGMesh" type="CSGMesh" parent="StaticBody21/CollisionShape"]
transform = Transform( 135, 0, 0, 0, 20, -4.89655e-07, 0, 1.74846e-06, 5.601, 0, 0, 0 )
mesh = SubResource( 4 )
material = SubResource( 5 )

[node name="StaticBody22" type="StaticBody" parent="."]
transform = Transform( -0.880734, 0, -0.473612, 0, 1, 0, 0.473612, 0, -0.880734, -169.948, 6.10352e-05, -318.465 )

[node name="CollisionShape" type="CollisionShape" parent="StaticBody22"]
shape = SubResource( 3 )

[node name="CSGMesh" type="CSGMesh" parent="StaticBody22/CollisionShape"]
transform = Transform( 135, 0, 0, 0, 20, -4.89655e-07, 0, 1.74846e-06, 5.601, 0, 0, 0 )
mesh = SubResource( 4 )
material = SubResource( 5 )

[node name="StaticBody23" type="StaticBody" parent="."]
transform = Transform( -0.880734, 0, -0.473612, 0, 1, 0, 0.473612, 0, -0.880734, -398.077, 0.00012207, -189.935 )

[node name="CollisionShape" type="CollisionShape" parent="StaticBody23"]
shape = SubResource( 3 )

[node name="CSGMesh" type="CSGMesh" parent="StaticBody23/CollisionShape"]
transform = Transform( 135, 0, 0, 0, 20, -4.89655e-07, 0, 1.74846e-06, 5.601, 0, 0, 0 )
mesh = SubResource( 4 )
material = SubResource( 5 )

[node name="StaticBody24" type="StaticBody" parent="."]
transform = Transform( -0.42559, 0, -0.904916, 0, 1, 0, 0.904916, 0, -0.42559, -575.555, 0.00012207, -29.8097 )

[node name="CollisionShape" type="CollisionShape" parent="StaticBody24"]
shape = SubResource( 3 )

[node name="CSGMesh" type="CSGMesh" parent="StaticBody24/CollisionShape"]
transform = Transform( 135, 0, 0, 0, 20, -4.89655e-07, 0, 1.74846e-06, 5.601, 0, 0, 0 )
mesh = SubResource( 4 )
material = SubResource( 5 )

[node name="StaticBody25" type="StaticBody" parent="."]
transform = Transform( 0.0592715, 0, -0.998242, 0, 1, 0, 0.998242, 0, 0.0592715, -618.806, 0.00012207, 237.795 )

[node name="CollisionShape" type="CollisionShape" parent="StaticBody25"]
shape = SubResource( 3 )

[node name="CSGMesh" type="CSGMesh" parent="StaticBody25/CollisionShape"]
transform = Transform( 135, 0, 0, 0, 20, -4.89655e-07, 0, 1.74846e-06, 5.601, 0, 0, 0 )
mesh = SubResource( 4 )
material = SubResource( 5 )

[node name="StaticBody26" type="StaticBody" parent="."]
transform = Transform( 0.780736, 0, -0.624861, 0, 1, 0, 0.624861, 0, 0.780736, -510.63, 0.000244141, 492.297 )

[node name="CollisionShape" type="CollisionShape" parent="StaticBody26"]
shape = SubResource( 3 )

[node name="CSGMesh" type="CSGMesh" parent="StaticBody26/CollisionShape"]
transform = Transform( 135, 0, 0, 0, 20, -4.89655e-07, 0, 1.74846e-06, 5.601, 0, 0, 0 )
mesh = SubResource( 4 )
material = SubResource( 5 )

[node name="StaticBody4" type="StaticBody" parent="."]
transform = Transform( 0.0904936, 0, 0.995897, 0, 1, 0, -0.995897, 0, 0.0904936, 598.643, 0, 223.642 )

[node name="CollisionShape" type="CollisionShape" parent="StaticBody4"]
shape = SubResource( 3 )

[node name="CSGMesh" type="CSGMesh" parent="StaticBody4/CollisionShape"]
transform = Transform( 135, 0, 0, 0, 20, -4.89655e-07, 0, 1.74846e-06, 5.601, 0, 0, 0 )
mesh = SubResource( 4 )
material = SubResource( 5 )

[node name="StaticBody6" type="StaticBody" parent="."]
transform = Transform( -0.616541, 0, 0.787323, 0, 1, 0, -0.787323, 0, -0.616541, 536.15, 0, -10.2489 )

[node name="CollisionShape" type="CollisionShape" parent="StaticBody6"]
shape = SubResource( 3 )

[node name="CSGMesh" type="CSGMesh" parent="StaticBody6/CollisionShape"]
transform = Transform( 135, 0, 0, 0, 20, -4.89655e-07, 0, 1.74846e-06, 5.601, 0, 0, 0 )
mesh = SubResource( 4 )
material = SubResource( 5 )

[node name="StaticBody7" type="StaticBody" parent="."]
transform = Transform( -0.880742, 0, 0.473596, 0, 1, 0, -0.473596, 0, -0.880742, 332.051, 0, -180.373 )

[node name="CollisionShape" type="CollisionShape" parent="StaticBody7"]
shape = SubResource( 3 )

[node name="CSGMesh" type="CSGMesh" parent="StaticBody7/CollisionShape"]
transform = Transform( 135, 0, 0, 0, 20, -4.89655e-07, 0, 1.74846e-06, 5.601, 0, 0, 0 )
mesh = SubResource( 4 )
material = SubResource( 5 )

[node name="StaticBody8" type="StaticBody" parent="."]
transform = Transform( -0.995891, 0, -0.090563, 0, 1, 0, 0.090563, 0, -0.995891, 41.1892, 0, -264.543 )

[node name="CollisionShape" type="CollisionShape" parent="StaticBody8"]
shape = SubResource( 3 )

[node name="CSGMesh" type="CSGMesh" parent="StaticBody8/CollisionShape"]
transform = Transform( 135, 0, 0, 0, 20, -4.89655e-07, 0, 1.74846e-06, 5.601, 0, 0, 0 )
mesh = SubResource( 4 )
material = SubResource( 5 )

[node name="StaticBody9" type="StaticBody" parent="."]
transform = Transform( -0.883578, 0, -0.468285, 0, 1, 0, 0.468285, 0, -0.883578, -225.796, 0, -195.381 )

[node name="CollisionShape" type="CollisionShape" parent="StaticBody9"]
shape = SubResource( 3 )

[node name="CSGMesh" type="CSGMesh" parent="StaticBody9/CollisionShape"]
transform = Transform( 135, 0, 0, 0, 20, -4.89655e-07, 0, 1.74846e-06, 5.601, 0, 0, 0 )
mesh = SubResource( 4 )
material = SubResource( 5 )

[node name="StaticBody10" type="StaticBody" parent="."]
transform = Transform( -0.597345, 0, -0.801984, 0, 1, 0, 0.801984, 0, -0.597345, -457.097, 0, -19.1493 )

[node name="CollisionShape" type="CollisionShape" parent="StaticBody10"]
shape = SubResource( 3 )

[node name="CSGMesh" type="CSGMesh" parent="StaticBody10/CollisionShape"]
transform = Transform( 135, 0, 0, 0, 20, -4.89655e-07, 0, 1.74846e-06, 5.601, 0, 0, 0 )
mesh = SubResource( 4 )
material = SubResource( 5 )

[node name="StaticBody11" type="StaticBody" parent="."]
transform = Transform( 0.0305036, 0, -0.999535, 0, 1, 0, 0.999535, 0, 0.0305036, -530.363, 0, 223.357 )

[node name="CollisionShape" type="CollisionShape" parent="StaticBody11"]
shape = SubResource( 3 )

[node name="CSGMesh" type="CSGMesh" parent="StaticBody11/CollisionShape"]
transform = Transform( 135, 0, 0, 0, 20, -4.89655e-07, 0, 1.74846e-06, 5.601, 0, 0, 0 )
mesh = SubResource( 4 )
material = SubResource( 5 )

[node name="StaticBody12" type="StaticBody" parent="."]
transform = Transform( 0.793045, 0, -0.609163, 0, 1, 0, 0.609163, 0, 0.793045, -429.711, 0, 413.272 )

[node name="CollisionShape" type="CollisionShape" parent="StaticBody12"]
shape = SubResource( 3 )

[node name="CSGMesh" type="CSGMesh" parent="StaticBody12/CollisionShape"]
transform = Transform( 135, 0, 0, 0, 20, -4.89655e-07, 0, 1.74846e-06, 5.601, 0, 0, 0 )
mesh = SubResource( 4 )
material = SubResource( 5 )

[node name="StaticBody5" type="StaticBody" parent="."]
transform = Transform( 0.85913, 0, 0.511758, 0, 1, 0, -0.511758, 0, 0.85913, 475.666, 0, 407.647 )

[node name="CollisionShape" type="CollisionShape" parent="StaticBody5"]
shape = SubResource( 3 )

[node name="CSGMesh" type="CSGMesh" parent="StaticBody5/CollisionShape"]
transform = Transform( 135, 0, 0, 0, 20, -4.89655e-07, 0, 1.74846e-06, 5.601, 0, 0, 0 )
mesh = SubResource( 4 )
material = SubResource( 5 )
